forecast_day,time_of_1h,1h,2h,3h,4h,5h,6h,7h,8h,9h,10h,11h,12h,13h,14h,15h,16h,17h,18h,19h,20h,21h,22h,23h,24h,25h,26h,27h,28h,29h,30h,31h,32h,33h,34h,35h,36h,37h,38h,39h,40h,41h,42h,43h,44h,45h,46h,47h,48h,49h,50h,51h,52h,53h,54h,55h,56h,57h,58h,59h,60h,61h,62h,63h,64h,65h,66h,67h,68h,69h,70h,71h,72h,73h,74h,75h,76h,77h,78h,79h,80h,81h,82h,83h,84h,85h,86h,87h,88h,89h,90h,91h,92h,93h,94h,95h,96h,97h,98h,99h,100h,101h,102h,103h,104h,105h,106h,107h,108h,109h,110h,111h,112h,113h,114h,115h,116h,117h,118h,119h,120h,121h,122h,123h,124h,125h,126h,127h,128h,129h,130h,131h,132h,133h,134h,135h,136h,137h,138h,139h,140h,141h,142h,143h,144h,145h,146h,147h,148h,149h,150h,151h,152h,153h,154h,155h,156h,157h,158h,159h,160h,161h,162h,163h,164h,165h,166h,167h,168h
2025-11-05 01:25:41+00:00,2025-11-05 00:00:00+00:00,991.75006,991.77026,992.96533,992.92615,992.8869,992.9315,992.8252,992.99414,992.83,992.7103,992.5064,992.90546,992.13837,991.41003,991.6942,990.9059,989.8961,988.2784,985.4119,983.0938,981.22205,979.08484,976.98883,975.69073,974.0728,971.3955,969.2411,968.23193,967.2678,969.31464,971.71594,973.73517,975.8687,977.803,980.0559,981.9944,984.3725,985.96893,987.1529,988.2262,989.2995,989.71594,990.07,991.1746,992.08136,992.73517,993.7331,994.6461,995.0978,995.12305,995.5973,995.4129,995.1768,994.7867,994.50323,994.7911,994.6189,994.51227,994.1907,993.85034,993.7365,993.14777,992.41156,991.5716,990.23596,988.27264,986.48065,984.86237,983.6493,982.6232,982.4069,982.1362,981.5549,980.9188,980.31213,979.6415,978.87726,977.7311,977.3616,976.8007,976.12573,975.7226,975.4258,974.7549,975.7352,976.09045,976.88086,977.70703,978.6998,978.8702,979.2325,979.7657,980.7139,981.3351,982.4335,983.26154,984.05817,984.6105,985.26434,985.7308,985.8327,986.46985,987.1615,987.9168,988.112,988.00134,988.2008,988.6587,989.19696,989.21985,988.93585,988.44293,987.5608,986.3448,985.2461,984.53784,983.9793,983.4333,982.7165,982.1017,981.40155,980.7266,980.15753,979.64844,979.27203,979.0477,978.92413,978.99426,979.1652,979.56055,980.3013,981.27246,982.1726,983.1168,983.99426,984.6581,984.99854,985.02466,985.3087,985.92664,986.70416,987.5825,988.4779,989.47906,990.20514,990.5637,990.74036,990.829,990.7223,990.4297,990.2394,990.1599,990.18274,990.2098,990.23254,990.1618,990.11383,990.1191,990.05237,989.7583,989.12317,988.2623,987.5748,987.2604,987.11926,987.0715,987.21405,987.4537
2025-11-06 01:13:20+00:00,2025-11-06 00:00:00+00:00,975.5764,973.875,973.65063,973.1626,972.37317,973.1121,974.88586,977.2348,978.6985,980.65894,981.75574,983.3838,984.2882,985.6615,986.9301,988.1619,988.7841,989.46716,989.3826,990.1371,990.8956,991.9031,992.6439,992.8432,993.987,993.90155,993.4979,993.31165,992.8195,992.6153,992.51776,992.13666,992.1457,991.955,991.955,991.8574,991.7824,991.0339,990.5636,990.3716,989.40643,988.02,986.2168,984.47815,983.2983,982.5046,981.7374,981.6954,981.5767,981.0081,980.647,980.0613,979.75146,979.0681,979.0943,979.02625,979.1026,979.41235,979.59064,979.82806,980.9398,981.72784,981.9908,982.4269,982.7968,982.8824,983.39087,984.001,984.70953,985.3066,986.3803,987.0896,987.02185,987.5475,987.7934,988.2555,988.34015,988.3874,988.4391,988.74023,988.5538,988.323,988.44305,988.3619,988.7658,989.14795,988.6086,987.8616,987.70825,986.4515,986.1378,985.54767,985.496,985.0887,984.57574,984.6981,984.096,983.5019,982.80176,982.1017,981.3164,980.1532,979.75037,978.2217,977.17236,979.05225,977.5068,977.8434,979.55084,980.22174,981.1671,981.6902,981.7402,981.414,981.43225,982.06476,982.9772,983.7789,984.3719,984.95087,985.33826,985.5382,985.5423,985.6658,985.91345,986.07715,986.3514,986.53314,986.82574,987.01154,987.27704,987.53754,987.7417,987.8238,987.8478,987.7509,987.3254,986.78406,986.41583,986.3183,986.4025,986.5713,987.0193,987.5601,988.1145,988.5089,988.82837,989.04156,989.0459,988.95276,988.7489,988.6289,988.5003,988.2784,988.0473,987.8254,987.36444,986.8154,986.1261,985.1957,983.7027,982.0691,980.6983,980.06616,979.69635,979.4493,979.1609,978.9026
2025-11-07 01:10:36+00:00,2025-11-07 00:00:00+00:00,991.7877,992.3911,993.3926,993.468,992.5763,991.60077,991.5964,991.98663,992.075,992.16815,992.5763,992.3724,991.5964,990.4576,990.29266,989.5021,988.2655,986.89996,985.91516,984.77374,983.8187,982.1003,981.21326,980.28375,980.33,979.52386,978.4031,977.53705,977.0825,976.7979,976.38654,976.0645,976.137,976.29443,976.816,977.47406,978.00494,978.71277,979.59125,980.54694,981.4794,982.14215,982.60345,985.4358,986.4329,987.0762,987.8994,988.657,989.26166,989.9856,990.63336,990.6465,991.0237,991.13873,991.49817,991.8487,991.44073,991.5292,991.32965,991.28534,991.4536,991.7624,990.8732,989.84735,989.69104,989.8166,988.7116,987.6116,987.7179,987.0937,986.88135,987.1023,987.1873,986.88135,987.1786,986.49097,985.80774,984.8404,984.35236,983.29144,982.6124,981.05475,980.0746,980.5667,978.71643,980.0787,979.41235,979.4255,979.1151,979.6229,979.78784,980.48816,981.154,981.56366,981.9285,982.56287,982.7091,982.65106,982.9214,983.2709,983.244,982.92883,982.8926,983.5481,984.045,984.75037,985.22894,985.2992,985.4806,985.99304,986.4732,986.7577,986.7664,986.5264,986.50775,986.7029,986.9608,987.4136,988.0701,988.82855,989.476,989.81305,989.95013,989.9096,989.8031,989.61694,989.2583,988.65137,987.97253,987.25793,986.56146,985.928,985.3426,984.8489,984.30426,983.63934,982.64215,981.5212,980.6636,980.34143,980.2825,980.3292,980.4991,980.87225,981.0548,981.1481,981.0505,980.9485,980.63873,980.3247,980.006,979.7852,979.75507,979.6315,979.60565,979.5798,979.47784,979.30853,979.1522,978.9959,978.63965,978.37286,978.1777,978.3214,978.72736,979.13306,979.4491,979.7603
2025-11-08 01:03:06+00:00,2025-11-08 00:00:00+00:00,979.56177,979.3068,978.9121,978.4698,977.9257,977.4335,976.9288,976.91614,976.7043,976.8621,976.9388,977.3681,977.9242,978.52997,979.2214,979.86346,980.167,980.7629,980.96045,981.91156,982.7831,983.71686,984.8655,985.6528,986.57275,987.3488,988.04877,988.40283,988.39386,988.5846,989.35596,989.5644,989.3035,989.1789,989.254,989.40106,989.623,989.65875,989.3975,989.13605,988.6794,987.6625,986.38104,988.41754,988.872,987.6286,987.00476,987.5522,986.682,986.4147,985.75244,985.15405,984.61884,984.03314,983.6343,983.2355,983.03186,982.4378,982.14056,981.6358,981.0331,980.562,980.24817,979.68744,978.6306,978.2315,977.54425,977.4307,977.5539,977.8932,978.45197,979.19806,979.5904,980.23914,980.7396,980.6813,980.75165,981.0396,981.2167,981.491,981.37103,981.64996,981.64996,981.9562,982.27594,982.7879,982.58936,982.1281,981.3875,980.5229,980.13727,979.9641,980.25714,980.8773,981.80786,982.39777,982.9152,983.5004,983.7047,983.70905,983.83386,983.88776,984.0739,983.86975,983.70685,983.4185,982.9041,982.4739,981.7999,981.20575,980.35895,979.5817,978.54083,977.36554,976.4844,975.9879,975.7541,975.61346,975.7699,976.0279,976.29913,976.6005,976.8218,977.0384,977.0384,977.03406,977.1317,977.5306,977.9339,978.426,978.80774,979.0875,979.3759,979.6773,979.8897,980.0218,979.8024,979.4932,979.3319,979.36566,979.64014,979.9265,980.34033,980.8643,981.30334,981.67163,981.86206,982.146,982.3143,982.4739,982.7306,982.9873,983.44366,983.7976,984.22644,984.7524,985.2489,985.67804,986.07477,986.32263,986.19336,985.8203,985.61206,985.86115,986.27856,986.57587,986.841,986.98883
2025-11-09 01:08:17+00:00,2025-11-09 00:00:00+00:00,986.8313,988.2008,988.31354,988.79395,989.4065,989.655,989.5526,989.93854,990.73663,990.5239,990.4664,990.9719,990.8787,990.84296,990.8639,990.82697,990.4888,989.484,988.31726,987.6575,987.0845,986.0497,985.3579,985.5029,984.61597,983.3887,982.8113,982.0511,981.5193,981.15344,980.8358,980.54694,980.7176,980.6363,980.8275,981.01447,981.3073,980.9085,980.4349,980.7194,980.329,979.69727,978.2971,978.8436,978.55914,978.241,978.52985,978.7972,978.3897,978.584,978.4414,977.96796,977.8756,978.0754,977.6621,977.62177,977.30206,977.4744,977.4519,977.44727,977.7263,978.0913,977.79565,977.47687,976.97125,976.5989,976.6032,977.0866,978.0178,978.771,979.66986,980.627,981.3935,981.98334,982.4936,982.93774,983.37317,983.6794,983.8035,984.35406,984.3628,984.68677,984.78424,984.4827,984.3984,984.57153,983.88776,982.80414,981.79565,980.4554,979.6116,979.03436,978.818,978.4934,978.4383,978.69586,978.79395,978.9933,979.5234,979.38025,979.287,979.3889,979.4822,979.64276,979.5582,979.6628,980.11743,980.48816,980.83527,981.05646,981.3596,981.5042,981.3603,981.10547,981.0421,981.16876,981.4639,981.8737,982.43317,983.1072,983.6576,983.84436,984.00323,983.9974,984.0629,983.97473,984.0722,984.2444,984.5143,984.7932,985.2763,985.7685,986.19965,986.6055,986.9481,987.161,987.1296,986.872,986.87634,987.2271,987.7377,988.2343,988.70764,989.0733,989.3679,989.42395,989.2243,989.1267,989.13605,989.1591,989.1681,989.24725,989.3174,989.494,989.6661,989.84705,989.986,990.22565,990.4154,990.4739,990.176,989.7495,989.57184,989.7278,990.0346,990.4251,990.79663,991.24646
2025-11-10 01:13:34+00:00,2025-11-10 00:00:00+00:00,984.9128,984.5438,984.29376,984.4977,983.13556,981.45935,981.4507,982.40576,981.82446,982.2062,982.045,981.63324,981.83716,980.8728,980.3163,979.44006,978.7288,977.6591,977.06946,976.2762,975.8734,975.78345,975.9847,976.3882,977.661,977.74023,977.5407,977.51886,977.5732,977.31274,976.86554,976.92816,976.8928,977.05707,977.6334,978.30743,979.07446,978.8837,978.34283,978.23206,977.9882,977.9526,977.8329,976.5145,977.45905,978.1104,979.2136,980.597,981.2047,981.7946,982.22064,982.3182,982.7172,983.1031,983.187,983.30774,983.36523,983.3121,983.13025,983.04596,983.0194,983.09924,982.7039,981.7981,981.17554,979.8266,978.97003,978.57965,978.6514,978.68427,978.65985,978.9799,979.19727,979.38336,979.74176,979.7271,979.91797,980.14954,980.3676,980.70935,981.0132,981.38586,981.60297,981.6802,982.31885,983.17413,983.6823,984.1811,984.42365,984.02893,984.4951,984.6647,985.4691,985.94104,987.0059,987.94165,988.5844,989.06757,989.6336,990.0533,990.035,990.50916,990.7133,991.1735,991.5315,991.885,992.25665,992.6374,993.0459,993.37164,993.59595,993.5333,993.1242,992.5561,992.0595,991.9094,991.8218,991.82184,991.919,992.00604,992.1153,992.0603,991.8334,991.80597,991.8713,992.1407,992.32635,992.5492,992.8877,993.1056,993.34784,993.56665,993.7616,994.00183,994.21985,994.29224,993.9993,993.56396,993.18677,993.143,993.2456,993.3341,993.49646,993.6392,993.7194,993.46906,993.1577,992.7539,992.34985,992.05273,991.75543,991.65796,991.65796,991.5652,991.4539,991.34235,991.18915,991.137,991.1329,990.8107,990.0567,988.98206,988.3338,988.2772,988.64655,989.0148,989.2929,989.66315
2025-11-11 01:06:25+00:00,2025-11-11 00:00:00+00:00,975.6921,975.87537,975.69055,975.9833,975.56665,975.2037,974.8266,975.4606,975.4339,976.50214,976.13446,977.0077,976.51105,976.10736,976.3159,976.028,975.62897,975.4339,976.1701,976.2409,976.50684,976.8036,977.0695,977.1759,978.1602,978.2666,978.77216,979.26886,979.65466,980.0401,980.5325,981.23315,982.12897,981.7388,981.76105,981.9608,982.1738,981.7618,981.2116,981.0563,980.39545,979.7387,978.9932,979.36035,979.6229,979.70544,979.7291,980.053,980.1193,980.41174,980.58795,980.5836,980.81366,981.00885,981.38153,981.6699,981.88696,982.2816,982.53937,982.80206,983.3338,983.8174,984.22217,984.7508,984.4664,984.0141,983.825,983.7604,984.20056,984.35364,985.16943,985.64905,985.80414,986.2566,986.31836,986.4865,986.4641,986.33093,986.59625,986.6758,986.6534,986.7009,986.73914,986.91144,987.58484,988.1,988.0747,987.99457,987.64386,987.31165,987.35114,987.6087,988.0745,988.5404,989.3634,989.78345,990.19824,990.3247,990.40375,990.4829,990.4599,990.353,990.6549,990.9659,990.9612,991.0402,991.2169,991.4213,992.1083,992.44135,992.6711,992.69507,992.412,991.8974,991.61786,991.67114,991.77313,992.06476,992.4531,992.8361,993.1481,993.2181,993.125,993.12976,993.2181,993.4038,993.5059,993.6267,993.7608,993.793,993.72766,993.65735,993.48517,993.3039,992.9227,992.3466,991.1943,989.7536,988.5036,987.7369,987.06744,986.4954,985.9236,985.35626,984.6911,983.8354,982.984,982.0304,981.0637,979.9949,978.95264,978.0641,977.10297,976.28503,975.46124,974.688,974.04205,973.758,973.5975,973.53424,973.3648,973.191,973.191,973.46234,973.9073,974.5254,975.19696,976.0359
2025-11-12 01:08:21+00:00,2025-11-12 00:00:00+00:00,978.6704,977.899,979.60187,979.69946,981.07385,981.05597,981.9429,982.3419,982.65686,982.20935,982.21826,982.3201,981.7305,981.58856,981.6774,980.84796,980.20026,979.2189,977.96796,977.7815,977.8659,977.73346,977.89813,977.8938,978.1822,977.9957,977.8268,978.1238,978.3321,978.6378,978.70483,979.1751,979.80566,980.1607,980.61304,981.0876,981.8546,982.3556,982.6645,983.4041,983.6209,983.68134,983.2997,983.8623,984.3957,984.7702,985.5162,986.2208,986.7387,987.4443,987.9229,988.24097,988.0663,987.9641,988.34985,988.66046,988.7106,988.88293,989.0051,989.3679,989.66943,990.1799,989.8397,989.57324,989.05347,988.3077,987.913,987.88696,988.0294,988.1856,988.72864,988.8512,988.90765,988.79175,988.57404,988.06805,987.66394,987.47363,987.51025,987.7939,987.40375,987.1065,986.9906,986.9586,986.56396,986.52386,985.7993,985.4803,984.73395,984.1117,983.15314,982.2705,982.1081,981.93286,981.54675,981.24524,980.6557,980.1238,979.1483,978.2526,977.32184,976.04474,974.8963,973.9077,972.0717,970.9362,969.19336,968.6343,968.4438,967.78253,967.1517,966.562,966.0584,965.6939,965.6246,965.8757,966.4369,967.1068,968.116,969.2352,970.06537,970.4123,970.5723,970.73254,971.083,971.43805,971.7927,972.25385,972.71484,973.2777,973.8271,974.4739,975.1609,975.81354,976.60333,977.17957,977.5384,977.6929,978.2025,979.1477,980.3544,981.55615,982.7665,983.9763,984.9997,985.65533,986.03186,986.3061,986.4786,986.55334,986.72534,986.9997,987.3761,987.6549,987.8176,987.78564,987.8176,987.88025,988.0078,987.88806,987.48785,986.8396,986.34735,986.08264,985.86615,985.8664,986.0124,986.3757
2025-11-13 01:25:45+00:00,2025-11-13 00:00:00+00:00,979.5524,978.9187,979.1665,979.26843,979.66754,979.1708,979.5578,980.236,980.4225,980.7195,981.1008,981.7661,982.1563,982.3686,982.6861,983.02686,983.06586,983.3256,983.2237,983.4844,984.16736,984.6872,985.1224,985.6637,986.4486,986.62573,986.52814,986.8121,986.9981,987.0913,987.1799,987.4061,987.8985,988.293,988.6789,989.15765,989.5435,989.4817,989.0251,989.1716,989.0917,988.6126,988.3112,989.2003,989.4448,989.40497,989.8854,990.0169,989.8736,990.03217,989.51685,988.9043,988.89026,988.5841,988.5841,988.57935,988.57007,988.4682,988.17096,987.7763,987.6925,987.88934,987.2187,986.4693,985.4127,984.23956,982.92114,982.535,981.9995,981.19073,980.7929,979.8798,978.63855,977.3747,976.57166,974.36365,972.69214,971.7607,970.02637,968.77545,967.44434,966.5033,965.3754,964.748,964.9306,965.18384,965.30206,966.0335,966.17676,966.1001,966.1223,966.73785,967.4379,968.1791,969.4584,970.5811,971.47784,971.81476,972.20496,972.4933,972.84796,972.91425,973.05566,973.29895,973.29895,973.5523,973.87524,974.33124,975.1487,975.9071,976.5045,977.01886,977.0579,977.19025,977.522,978.2592,979.1563,980.15924,981.08167,982.10583,982.94824,983.51984,984.00757,984.4953,984.983,985.37317,985.8609,986.4418,987.12,987.7984,988.4632,989.12787,989.7402,990.33136,990.96606,991.4754,991.7449,991.79297,991.99695,992.3304,992.81964,993.30316,993.8835,994.4584,995.05475,995.4923,995.8501,996.2173,996.3939,996.57983,996.7701,997.0584,997.3462,997.54126,997.61554,997.6945,997.73627,997.9015,998.1323,998.2038,997.78625,997.214,996.806,996.6602,996.67834,996.6869,996.7787,996.9628
2025-11-14 01:08:56+00:00,2025-11-14 00:00:00+00:00,987.6988,987.47754,988.49286,988.58136,987.9914,988.1865,988.38165,989.2595,989.2595,989.6363,990.124,990.71405,991.0067,990.8921,991.28235,990.94946,990.41235,990.22156,989.2149,989.3927,989.4594,989.57043,989.7519,989.9605,990.2172,989.8,989.0994,988.7977,988.5051,988.0127,987.52966,987.2594,986.9487,986.35443,986.1504,985.9553,985.67163,985.1839,984.4575,983.451,982.524,981.24164,980.0081,980.71515,979.98474,979.2349,978.2616,977.4679,976.5899,975.4501,974.16437,972.1158,970.3817,968.8513,967.20593,966.1675,965.3238,964.38696,963.72534,964.0123,964.426,965.4335,965.8407,966.1518,966.1229,965.99554,965.92346,966.22473,967.21295,967.8303,968.69714,969.50916,970.14343,970.6045,970.7908,971.06995,971.4335,971.6239,971.79675,971.95166,972.0804,972.4617,972.5637,972.9493,973.34827,973.9564,974.3726,974.80676,974.8549,974.9872,975.4081,976.0064,977.0143,978.1683,979.46783,980.6205,981.3875,982.1543,982.6556,983.05475,983.83044,984.42474,984.90814,985.57733,986.1535,986.6847,987.1022,987.5819,988.18964,988.6869,989.1206,989.3898,989.24255,988.8867,988.7134,988.95856,989.26166,989.75525,990.2344,990.79663,991.2964,991.6547,991.9473,992.23535,992.5098,992.87714,993.15594,993.435,993.6207,993.92267,994.45135,994.9982,995.56305,995.96356,996.2834,996.48254,996.35333,996.1,995.9092,995.96295,996.0835,996.3901,996.7889,997.27527,997.68646,997.8407,998.0176,997.999,997.96735,997.7355,997.7079,997.78687,997.87524,998.0612,998.4237,998.99023,999.3334,999.424,999.2904,999.09,998.7828,998.5204,998.2103,998.0431,997.8311,997.8179,997.92377,998.03784
2025-11-17 01:15:07+00:00,2025-11-17 00:00:00+00:00,968.77704,968.4014,969.52814,969.6124,969.7945,969.5906,969.39087,969.97614,970.2557,970.7214,971.1115,971.4971,972.1799,972.7651,973.74945,974.3525,975.05725,975.7712,975.96625,976.8531,977.82855,978.57355,979.4289,980.4043,981.5706,982.05365,982.14685,982.7274,983.49915,984.27045,984.55414,985.12573,985.7725,986.19183,986.7406,987.39856,988.21716,988.7208,989.3437,990.3067,991.2512,991.60156,992.107,992.21094,992.4643,993.0061,993.6481,994.03186,994.6263,995.16144,995.5807,995.6413,995.9063,996.0737,996.34784,996.529,996.9052,997.0861,997.17456,997.73615,998.41876,998.98047,999.18585,999.0595,998.5009,998.0035,997.7547,997.95416,998.4026,998.6381,999.13586,999.8339,999.974,1000.3225,1000.5874,1000.76843,1000.85223,1000.84314,1000.6481,1001.05676,1000.583,1000.78705,1000.69434,1000.8009,1000.9077,1001.32446,1001.4612,1001.0108,1000.50574,1000.0307,999.3872,998.81055,998.9617,998.63336,998.7774,999.01556,998.97437,999.6254,998.7152,999.08234,998.2839,997.9775,997.7962,997.2249,995.98,995.74225,994.47424,994.413,993.6146,993.14215,992.82874,992.0376,990.27234,987.9801,985.9718,984.3889,983.00525,981.9144,981.11194,980.5093,980.119,979.87006,979.83795,979.8855,979.9916,980.08484,980.2584,980.4187,980.56604,980.82385,981.18756,981.5602,981.9637,982.3136,982.59595,982.8604,983.11194,983.2569,983.5453,983.858,984.2155,984.6778,985.4495,986.22864,986.9277,987.2677,987.4311,987.6031,987.77985,987.7708,987.8637,987.859,987.75714,987.75714,987.84064,988.02673,988.1745,988.232,988.1455,987.9453,987.32965,986.40643,985.7868,985.5237,985.36945,985.5189,985.89264,986.46936
2025-11-19 02:49:07+00:00,2025-11-19 00:00:00+00:00,993.3792,993.7496,993.3733,992.7518,993.46814,993.3207,993.3207,993.72894,993.79895,994.3703,994.16156,994.63104,994.52875,995.02435,994.9521,994.31537,994.2094,994.768,994.7321,994.5764,995.03796,995.5709,995.93365,996.74396,997.1116,997.19086,996.59644,997.07513,997.17267,997.2658,997.1635,996.8666,996.66235,996.5514,996.5419,997.1046,997.6487,997.6469,997.37006,997.57965,997.27386,996.7725,995.8581,995.5069,995.5069,995.3088,995.1007,995.34015,995.31354,997.21875,996.7922,997.25226,996.64417,996.83014,995.5485,995.76196,995.31104,995.0884,994.7911,994.75916,994.3553,994.2451,994.2079,993.54956,992.3473,991.39307,990.1194,989.1515,988.8,988.4075,988.39874,988.0907,988.2293,987.82416,987.3275,986.7377,986.1609,985.77057,985.1894,985.198,984.6212,984.23956,983.56525,983.6671,984.06177,984.28735,984.6058,984.87384,984.73846,984.4242,984.3353,984.8404,985.58704,986.4666,987.5114,988.4735,989.9668,990.9649,991.5934,992.2738,992.32104,992.4001,992.67896,993.3568,993.64044,993.942,994.3553,994.7498,995.1537,995.96924,996.1451,996.01733,995.58575,994.8249,994.2105,993.86163,993.73596,993.609,993.6891,993.8701,993.99316,993.7937,993.537,993.1737,992.67694,991.97626,991.4751,991.0802,990.78754,990.6947,990.78326,990.9737,991.22705,991.6047,992.1379,992.41595,992.3057,991.8429,991.72406,991.9279,992.3674,992.8139,993.077,993.3429,993.537,993.47833,993.3539,993.2472,993.2563,993.18567,993.2038,993.19946,993.18134,993.07,992.94086,992.7186,992.5688,992.5491,992.6013,992.50806,992.2504,991.9489,991.87256,992.27606,992.9961,993.8161,994.75336,995.78625
2025-11-20 02:47:51+00:00,2025-11-20 00:00:00+00:00,997.27673,997.366,996.0659,995.8386,996.6883,996.96234,996.9482,997.10583,996.7713,996.6455,996.7384,997.0073,997.49945,997.83514,997.9318,997.7717,997.4687,997.101,996.87006,996.32855,996.0489,995.7394,995.4511,995.3223,995.162,994.6654,993.885,994.6742,994.08453,993.7875,992.6034,992.12006,991.71204,991.2106,991.122,991.7915,991.6939,990.69696,989.9604,990.1546,989.5842,988.8555,987.8033,987.2563,987.0567,986.74243,986.69965,986.6738,986.6565,986.69226,986.2976,986.0049,985.7294,985.5517,985.45404,985.7532,985.5276,985.6877,985.22736,985.6309,985.90594,986.4509,986.614,986.8744,986.6251,986.19305,986.29926,986.76587,987.76575,988.607,989.341,990.3185,991.32733,992.0616,992.517,992.8884,993.36224,993.65,993.8498,994.04944,993.95667,994.10956,994.09576,994.1603,994.5214,994.61273,994.9388,994.7269,994.0199,993.2458,992.80084,992.39764,992.83374,992.669,992.49615,992.22504,992.3843,992.2149,991.9927,991.6866,991.3756,991.28265,991.1013,991.4118,991.67114,991.77106,992.17456,992.59796,993.34314,994.12756,994.61426,995.0437,995.45776,995.53955,995.3697,995.68304,996.12604,996.6646,997.30774,997.94934,998.52795,999.07196,999.55963,999.9497,1000.3308,1000.6235,1000.91156,1001.1019,1001.19946,1001.297,1001.29254,1001.2879,1001.32446,1001.5269,1001.6712,1001.6897,1001.27277,1000.5363,999.9507,999.49884,999.09973,998.7221,998.2913,997.78125,997.1912,996.6194,995.95917,995.29846,994.7221,994.1368,993.6534,993.1747,992.7975,992.5139,992.4164,992.5139,992.6293,992.8641,993.21436,993.38196,993.1895,992.91565,992.7936,992.89124,993.1413,993.4841,993.92053,994.3518
2025-11-21 02:47:19+00:00,2025-11-21 00:00:00+00:00,995.5074,995.03925,993.49725,993.3813,993.8827,992.8983,992.7825,991.90936,990.3855,990.7207,990.3855,990.2927,990.85504,991.34534,990.0804,988.86066,988.38727,988.4144,987.96497,987.68,987.1028,986.58496,986.4269,986.3402,986.4522,986.52356,986.098,985.80096,985.4107,985.46857,985.56616,985.6416,985.5131,985.40643,985.8722,986.1516,986.62573,986.7679,987.0466,987.69763,988.18115,988.2918,988.37195,988.72705,989.2687,989.41534,989.69806,990.0611,990.34033,990.6202,991.3595,991.54083,991.72217,991.98254,991.9504,992.21515,992.2336,992.1176,992.21985,992.28485,992.56805,993.04034,993.02686,992.8998,992.16284,991.2351,990.2986,990.0408,989.8559,989.5914,989.8753,990.10046,990.19324,990.05084,989.695,989.3952,989.3692,989.1651,989.0148,989.34735,989.5693,990.0741,990.6465,991.2941,991.9233,992.7709,993.20996,993.9542,994.28204,994.2283,994.649,994.95056,995.78094,996.41644,997.0874,997.98083,998.7152,998.6784,999.3381,1000.2206,1000.9077,1001.31635,1001.0377,1001.26044,1001.5152,1002.0258,1002.248,1001.8578,1001.96454,1002.1394,1002.3183,1002.3328,1001.6186,1000.8149,1000.8672,1000.2832,999.7207,999.1033,998.584,998.20294,997.74207,997.19696,996.6649,996.2125,995.72906,995.32996,995.02844,994.7401,994.45184,994.36304,994.4649,994.762,994.98816,995.35547,995.6469,995.861,995.7224,995.4028,995.10834,994.97314,994.86017,994.8692,995.1323,995.4167,995.50586,995.00085,994.2071,993.4174,992.63654,991.8599,990.98584,990.01373,988.9399,987.6709,986.1007,984.4329,982.7818,981.4406,980.21313,978.99835,977.5479,976.11194,975.5547,976.38025,978.0797,979.7305,981.0063,982.3335
2025-11-22 02:43:23+00:00,2025-11-22 00:00:00+00:00,986.81177,986.47516,986.55945,985.8454,985.318,985.00757,985.30457,985.2027,985.51746,985.78796,985.7701,985.9118,985.68964,986.2134,986.39545,986.5658,986.7211,987.0309,986.9163,986.87335,987.26624,987.7557,988.3555,988.8335,989.4849,989.47156,989.56,990.1228,990.29517,990.43134,989.95703,989.99536,989.9543,989.82465,990.2938,990.47046,990.34515,990.038,989.76666,989.6709,989.2246,988.7323,988.08014,987.79205,987.58356,987.1625,986.9186,986.89215,987.06055,986.3757,986.1144,985.964,986.07007,985.9197,986.2211,986.91675,987.4136,988.23883,988.9216,989.89624,991.0759,992.25635,993.1922,993.5902,993.75354,993.8858,994.2762,994.5429,995.46185,996.3456,997.1329,997.2053,997.8468,998.10266,998.27924,998.9666,998.6694,999.2359,999.53314,999.7698,999.75024,999.9954,999.61,999.93,999.96173,1000.0954,999.857,1000.0442,999.21515,998.3586,997.56824,997.2316,996.90356,996.45624,996.0352,995.65375,995.41797,995.0102,994.12317,993.42694,992.74835,992.18036,991.8919,991.7055,991.6211,991.608,991.5497,991.758,992.109,992.79034,993.26337,993.3793,992.9464,992.4612,991.9983,991.9646,991.9786,992.09326,992.1316,992.27124,992.2324,992.10925,991.8078,991.5193,991.1632,990.7266,990.46375,990.35736,990.3275,990.30194,990.2891,990.378,990.47156,990.57324,990.6752,990.58636,990.0091,989.1351,988.3542,987.65826,987.04675,986.44403,985.9434,985.5443,984.95,983.97003,982.8921,981.8142,980.83826,979.7647,978.9839,978.30945,977.8341,977.62195,977.6469,977.9339,978.1617,978.4672,978.71454,978.95276,978.87244,978.6773,978.6643,979.1091,979.7271,980.35333,980.89484,981.34753
2025-11-23 03:32:06+00:00,2025-11-23 00:00:00+00:00,989.6014,989.6709,987.7274,989.12695,989.1878,989.6663,989.7776,989.1834,989.47125,989.54144,989.51843,989.3888,989.41144,989.5261,989.5553,988.88306,988.7015,988.8073,988.4783,987.7644,986.8425,986.47955,986.5284,986.4355,986.64355,986.4398,986.1515,986.2535,986.4306,986.6394,986.9364,987.34424,987.90283,988.48376,989.282,990.38654,991.6062,992.4398,993.11365,994.0447,994.36804,994.4919,994.531,994.8414,995.11224,995.2559,996.0095,996.04913,996.435,998.723,998.9835,998.98816,999.4897,998.99506,998.7413,998.6119,998.3328,998.40295,997.86774,997.811,997.64325,997.31573,997.3742,997.543,996.8421,996.21625,995.82007,995.367,994.5601,994.3578,994.2338,993.8523,993.3513,992.3886,991.8251,990.76465,990.08594,989.598,989.0169,989.02124,988.63525,988.63965,988.44885,988.55945,988.7285,989.2141,989.06226,989.1607,988.8963,987.95355,987.2909,987.4942,987.3469,987.2882,986.9618,986.3803,985.9983,985.22217,984.0973,983.0235,981.5255,979.22864,977.9639,976.82166,976.0612,977.4383,977.8765,978.1647,978.54083,979.4822,980.1152,979.9674,979.8915,979.9083,979.72186,979.9502,980.2412,980.5442,980.7797,981.02386,981.08167,980.8511,980.3324,979.9243,979.5253,979.0376,978.7493,978.65625,978.7628,978.9622,979.2416,979.5206,979.91547,980.3547,980.8156,981.0724,981.032,980.7875,980.898,981.5374,982.43823,983.3433,984.2742,985.21405,986.16254,986.92487,987.6918,988.4541,989.3049,990.2527,991.10345,991.9584,992.7203,993.5841,994.53656,995.4885,996.47327,997.4106,998.3757,999.0429,999.2129,999.17847,999.3031,999.7639,1000.3835,1001.1006,1002.0212,1002.94604
